# q (1/Å) Intensity dY
0.0022159485764254518 564.2125244140625 5.84746789932251
0.002932187334822078 282.7797546386719 1.977110505104065
0.003648426093218704 218.8883514404297 1.4262279272079468
0.004364664851615331 194.6096954345703 1.2241883277893066
0.005080903610011957 179.97955322265625 1.0974149703979492
0.005797142368408584 167.57350158691406 0.9874959588050842
0.00651338112680521 156.94467163085938 0.9053782224655151
0.007229619885201837 151.2504119873047 0.842592716217041
0.007945858643598463 144.73138427734375 0.7880250811576843
0.008662097401995089 139.1798858642578 0.7388142347335815
0.009378336160391715 135.13560485839844 0.6991254091262817
0.010094574918788343 130.14695739746094 0.6623099446296692
0.010810813677184969 128.05650329589844 0.6321324706077576
0.011527052435581595 126.4599609375 0.6111414432525635
0.01224329119397822 123.46365356445312 0.5840762853622437
0.01295952995237485 121.07254791259766 0.5636360049247742
0.013675768710771474 116.9161148071289 0.5383248925209045
0.0143920074691681 112.31168365478516 0.5135666131973267
0.015108246227564726 108.35025787353516 0.49308541417121887
0.015824484985961354 103.53350067138672 0.470739483833313
0.01654072374435798 97.18013000488281 0.45435336232185364
0.017256962502754606 88.79618072509766 0.4375435709953308
0.017973201261151234 81.45560455322266 0.41873273253440857
0.01868944001954786 75.5723876953125 0.40219035744667053
0.019405678777944486 69.49913787841797 0.38295480608940125
0.020121917536341113 64.5417251586914 0.3675747513771057
0.020838156294737738 58.41350173950195 0.34636056423187256
0.021554395053134365 53.69136047363281 0.3298341631889343
0.022270633811530993 49.888206481933594 0.31410306692123413
0.022986872569927617 46.39802551269531 0.3018715977668762
0.023703111328324245 42.02776336669922 0.2840452492237091
0.024419350086720873 39.091453552246094 0.27148768305778503
0.025135588845117497 36.51282501220703 0.260259211063385
0.02585182760351412 34.04957580566406 0.24902933835983276
0.02656806636191075 31.72348403930664 0.23539376258850098
0.027284305120307373 30.772729873657227 0.22299449145793915
0.028000543878704 28.907121658325195 0.21013157069683075
0.028716782637100632 27.870609283447266 0.2017662078142166
0.029433021395497257 25.77273178100586 0.18997722864151
0.03014926015389388 24.24547576904297 0.18062935769557953
0.03086549891229051 23.317514419555664 0.17435136437416077
0.031581737670687136 22.2796630859375 0.1681465208530426
0.03229797642908376 20.809770584106445 0.15975971519947052
0.033014215187480385 19.880334854125977 0.1541810929775238
0.033730453945877016 18.871816635131836 0.14738281071186066
0.03444669270427364 18.197965621948242 0.14350326359272003
0.035162931462670265 17.153030395507812 0.137502521276474
0.035879170221066896 16.16425132751465 0.13174167275428772
0.03659540897946352 15.487390518188477 0.12732915580272675
0.037311647737860144 14.863954544067383 0.12324808537960052
0.03802788649625677 14.17625617980957 0.11921624094247818
0.0387441252546534 13.180028915405273 0.11329025775194168
0.039460364013050024 12.531654357910156 0.1097760796546936
0.040176602771446655 12.242399215698242 0.10715585201978683
0.04089284152984328 11.793656349182129 0.10423464328050613
0.041609080288239904 11.094355583190918 0.10015033185482025
0.04232531904663653 10.67818546295166 0.09719912707805634
0.04304155780503316 10.103943824768066 0.09335590153932571
0.043757796563429784 9.805572509765625 0.09132940322160721
0.04447403532182641 9.213372230529785 0.08760727196931839
0.04519027408022304 8.91732120513916 0.08528615534305573
0.04590651283861966 8.476602554321289 0.08259788155555725
0.04662275159701629 8.05469799041748 0.07977833598852158
0.04733899035541292 7.755062580108643 0.07782772928476334
0.04805522911380954 7.492092132568359 0.07585825771093369
0.04877146787220617 7.220316410064697 0.07361014932394028
0.04948770663060279 6.781170845031738 0.07090156525373459
0.050203945388999416 6.404432773590088 0.06824642419815063
0.05092018414739605 6.232395172119141 0.06687969714403152
0.05163642290579267 6.076348781585693 0.06555361300706863
0.052352661664189296 5.767518997192383 0.06334702670574188
0.05306890042258592 5.514645576477051 0.061486534774303436
0.053785139180982544 5.323837757110596 0.05993753671646118
0.05450137793937918 5.070765018463135 0.05812164023518562
0.055217616697775807 4.88723611831665 0.05663340538740158
0.05593385545617244 4.743584632873535 0.05555905029177666
0.05665009421456906 4.514449119567871 0.05372527614235878
0.057366332972965686 4.389631748199463 0.05270211398601532
0.05808257173136231 4.251343727111816 0.05153053626418114
0.058798810489758935 3.976760149002075 0.0494975745677948
0.059515049248155566 3.836655616760254 0.048416249454021454
0.06023128800655219 3.6979782581329346 0.04709251597523689
0.060947526764948814 3.6636109352111816 0.04682706296443939
0.06166376552334544 3.514676809310913 0.045557569712400436
0.06238000428174206 3.3498547077178955 0.04424398019909859
0.0630962430401387 3.2091915607452393 0.04314085468649864
0.06381248179853531 3.0153818130493164 0.04163610562682152
0.06452872055693194 2.9810357093811035 0.04119446873664856
0.06524495931532857 2.9269089698791504 0.04058265686035156
0.0659611980737252 2.787250280380249 0.03951631113886833
0.06667743683212184 2.7097363471984863 0.03882211819291115
0.06739367559051845 2.5788774490356445 0.037536878138780594
0.06810991434891508 2.502676010131836 0.03696756437420845
0.0688261531073117 2.4091861248016357 0.036193009465932846
0.06954239186570833 2.3367233276367188 0.03561953082680702
0.07025863062410496 2.259563684463501 0.03553291782736778
0.07097486938250158 2.15613055229187 0.03500700369477272
0.07169110814089821 2.0432796478271484 0.03418171405792236
0.07240734689929483 2.0073094367980957 0.03411277011036873
0.07312358565769146 1.9319729804992676 0.033575430512428284
0.07383982441608809 1.8898669481277466 0.03334726765751839
0.07455606317448471 1.8457001447677612 0.032939691096544266
0.07527230193288134 1.7489567995071411 0.03222721070051193
0.07598854069127797 1.655587077140808 0.031768690794706345
0.07670477944967459 1.6474312543869019 0.03165747970342636
0.07742101820807124 1.6048407554626465 0.03124259039759636
0.07813725696646785 1.5700045824050903 0.03091586008667946
0.07885349572486448 1.4574017524719238 0.0302260871976614
0.0795697344832611 1.4578031301498413 0.03020639158785343
0.08028597324165773 1.421483039855957 0.029875941574573517
0.08100221200005436 1.3481969833374023 0.028697054833173752
0.08171845075845098 1.344273328781128 0.0284035112708807
0.08243468951684761 1.3395971059799194 0.028276989236474037
0.08315092827524423 1.2911291122436523 0.02752680890262127
0.08386716703364086 1.2244250774383545 0.026846151798963547
0.08458340579203749 1.1759753227233887 0.02641669474542141
0.08529964455043411 1.1605366468429565 0.026134992018342018
0.08601588330883074 1.176528811454773 0.026032989844679832
0.08673212206722736 1.1272602081298828 0.025904076173901558
0.08744836082562399 1.0683773756027222 0.025730295106768608
0.08816459958402062 1.0728578567504883 0.026063943281769753
0.08888083834241725 1.0740265846252441 0.02576199546456337
0.08959707710081388 1.019492506980896 0.025301381945610046
0.0903133158592105 1.0194040536880493 0.02539360336959362
0.09102955461760713 0.9715237021446228 0.024890687316656113
0.09174579337600375 0.9471541047096252 0.024828795343637466
0.09246203213440038 0.9118203520774841 0.02452569454908371
0.09317827089279701 0.9033597707748413 0.024590538814663887
0.09389450965119363 0.8908165097236633 0.02450660802423954
0.09461074840959026 0.8688707947731018 0.024198709055781364
0.09532698716798688 0.842650294303894 0.024109045043587685
0.09604322592638351 0.795188307762146 0.023843608796596527
0.09675946468478014 0.7880998849868774 0.02375192940235138
0.09747570344317676 0.7652724385261536 0.02362918294966221
0.09819194220157339 0.7417372465133667 0.023412449285387993
0.09890818095997 0.7512723207473755 0.023469658568501472
0.09962441971836664 0.7343763709068298 0.023206554353237152
0.10034065847676327 0.7212446928024292 0.023337187245488167
0.1010568972351599 0.6854602694511414 0.023045269772410393
0.10177313599355652 0.659500002861023 0.02289576269686222
0.10248937475195313 0.6312165260314941 0.022636087611317635
0.10320561351034976 0.6458608508110046 0.0227059256285429
0.10392185226874638 0.6342881917953491 0.022518329322338104
0.10463809102714301 0.6335620284080505 0.02262790873646736
0.10535432978553963 0.6319921612739563 0.022574855014681816
0.10607056854393626 0.6142730712890625 0.02235489711165428
0.1067868073023329 0.5877493619918823 0.022403080016374588
0.10750304606072952 0.5686467885971069 0.022092873230576515
0.10821928481912615 0.5486718416213989 0.02197893150150776
0.10893552357752277 0.5343784689903259 0.02186591364443302
0.1096517623359194 0.5295290946960449 0.021824531257152557
0.11036800109431602 0.5053421854972839 0.021604549139738083
0.11108423985271265 0.5207709670066833 0.021611830219626427
0.11180047861110927 0.5307238698005676 0.021707966923713684
0.11251671736950591 0.5132666230201721 0.021502256393432617
0.11323295612790252 0.4790520966053009 0.02131667360663414
0.11394919488629916 0.48382875323295593 0.021441910415887833
0.11466543364469578 0.4583316445350647 0.02155710570514202
0.11538167240309241 0.4654955565929413 0.021706698462367058
0.11609791116148903 0.44988885521888733 0.021820856258273125
0.11681414991988566 0.4471743702888489 0.02189987152814865
0.1175303886782823 0.413568913936615 0.021857090294361115
0.11824662743667891 0.41332337260246277 0.02192005142569542
0.11896286619507555 0.39493346214294434 0.021873483434319496
0.11967910495347217 0.39955252408981323 0.022043496370315552
0.1203953437118688 0.399044007062912 0.022030474618077278
0.12111158247026542 0.41581636667251587 0.022288328036665916
0.12182782122866205 0.39101293683052063 0.022184424102306366
0.12254405998705867 0.3560578227043152 0.02208057977259159
0.1232602987454553 0.3414504826068878 0.02206553891301155
0.12397653750385192 0.3627682030200958 0.022273721173405647
0.12469277626224856 0.3588748574256897 0.022281520068645477
0.12540901502064516 0.3286227881908417 0.022321144118905067
0.1261252537790418 0.3207770884037018 0.022189151495695114
0.12684149253743843 0.3049769997596741 0.022237759083509445
0.12755773129583506 0.3260917067527771 0.022307125851511955
0.1282739700542317 0.32601264119148254 0.02243814431130886
0.12899020881262832 0.3146909773349762 0.022384513169527054
0.12970644757102495 0.3136025071144104 0.02248898148536682
0.13042268632942156 0.31080806255340576 0.022424234077334404
0.1311389250878182 0.2902193069458008 0.02242611162364483
0.13185516384621482 0.2772628962993622 0.022506851702928543
0.13257140260461145 0.2900713384151459 0.022519895806908607
0.13328764136300805 0.2861133813858032 0.022476913407444954
0.1340038801214047 0.29059579968452454 0.0225139819085598
0.13472011887980131 0.2591751217842102 0.022486375644803047
0.13543635763819795 0.27559152245521545 0.02266078069806099
0.13615259639659458 0.25907835364341736 0.023115605115890503
0.1368688351549912 0.2596875727176666 0.023458579555153847
0.1375850739133878 0.258523553609848 0.023630883544683456
0.13830131267178444 0.27338671684265137 0.023871099576354027
0.13901755143018107 0.2612839341163635 0.024140313267707825
0.1397337901885777 0.2579391598701477 0.024264836683869362
0.14045002894697434 0.2365201860666275 0.02441476844251156
0.14116626770537097 0.2330455631017685 0.024649063125252724
0.1418825064637676 0.2508004903793335 0.02494598552584648
0.1425987452221642 0.20695361495018005 0.02500094287097454
0.14331498398056083 0.20899493992328644 0.025122325867414474
0.14403122273895747 0.2340898960828781 0.025325888767838478
0.1447474614973541 0.21702983975410461 0.025520578026771545
0.1454637002557507 0.2335275113582611 0.02574898861348629
0.14617993901414736 0.22404058277606964 0.025774525478482246
0.14689617777254396 0.23257134854793549 0.025975503027439117
0.1476124165309406 0.22498513758182526 0.02596006914973259
0.14832865528933722 0.2108718305826187 0.02614269033074379
0.14904489404773386 0.2191382199525833 0.02639021910727024
0.14976113280613046 0.20230846107006073 0.026339100673794746
0.15047737156452712 0.1995561271905899 0.02634471468627453
0.15119361032292372 0.17457935214042664 0.026480086147785187
0.15190984908132035 0.2123468667268753 0.026843836531043053
0.15262608783971698 0.21988804638385773 0.026816971600055695
0.15334232659811362 0.22104381024837494 0.026926565915346146
0.15405856535651025 0.1784714162349701 0.026721499860286713
0.15477480411490685 0.1892230063676834 0.02691265381872654
0.1554910428733035 0.16655297577381134 0.026839986443519592
0.1562072816317001 0.18850359320640564 0.02692219614982605
0.15692352039009674 0.1950276792049408 0.027031326666474342
0.15763975914849337 0.17642565071582794 0.02693999744951725
0.15835599790689 0.17490971088409424 0.027110286056995392
0.1590722366652866 0.16367031633853912 0.027127813547849655
0.15978847542368324 0.17586679756641388 0.0274068433791399
0.16050471418207987 0.18183086812496185 0.027375031262636185
0.1612209529404765 0.18757328391075134 0.027500241994857788
0.1619371916988731 0.17858698964118958 0.02765510417521
0.16265343045726977 0.1766476184129715 0.027743825688958168
0.1633696692156664 0.15070635080337524 0.02784474939107895
0.164085907974063 0.15408743917942047 0.02786005474627018
0.16480214673245963 0.15164123475551605 0.02799093723297119
0.16551838549085626 0.16664794087409973 0.028130656108260155
0.1662346242492529 0.1806744784116745 0.028380325064063072
0.1669508630076495 0.13091757893562317 0.028322266414761543
0.16766710176604616 0.15072792768478394 0.02840961143374443
0.16838334052444276 0.16919313371181488 0.029069028794765472
0.1690995792828394 0.16733621060848236 0.030394718050956726
0.16981581804123602 0.15324831008911133 0.0312367994338274
0.17053205679963265 0.13646677136421204 0.032080017030239105
0.17124829555802926 0.15091508626937866 0.03295709192752838
0.1719645343164259 0.1664663553237915 0.03396105021238327
0.17268077307482252 0.1484401375055313 0.034601639956235886
0.17339701183321915 0.13029702007770538 0.03516251966357231
0.17411325059161578 0.14428040385246277 0.0362277552485466
0.1748294893500124 0.15911047160625458 0.037129949778318405
0.17554572810840904 0.11764901131391525 0.03783867508172989
0.17626196686680565 0.12466511130332947 0.038763463497161865
0.17697820562520228 0.12808974087238312 0.03966137394309044
0.1776944443835989 0.1379421353340149 0.04063558205962181
0.17841068314199554 0.14508697390556335 0.04137656092643738
0.17912692190039214 0.15338754653930664 0.04222395271062851
0.1798431606587888 0.14904700219631195 0.04287638142704964
0.1805593994171854 0.14096373319625854 0.04371184483170509
0.18127563817558204 0.1610954850912094 0.04491486772894859
0.18199187693397867 0.1434238702058792 0.04575250297784805
0.1827081156923753 0.13665924966335297 0.046595487743616104
0.1834243544507719 0.11573012918233871 0.04739219695329666
0.18414059320916853 0.1310998797416687 0.04883309826254845
0.18485683196756517 0.1403636932373047 0.050098564475774765
0.1855730707259618 0.11590816080570221 0.05088454484939575
0.18628930948435843 0.14213359355926514 0.05237088352441788
0.18700554824275506 0.14956001937389374 0.05376385152339935
0.1877217870011517 0.1180492490530014 0.05506696179509163
0.1884380257595483 0.1152849942445755 0.05669361352920532
0.18915426451794493 0.08745233714580536 0.05776992440223694
0.18987050327634156 0.08243303745985031 0.058828264474868774
0.1905867420347382 0.1253131479024887 0.06057106330990791
0.1913029807931348 0.1535959094762802 0.0616627112030983
0.19201921955153145 0.12050003558397293 0.062154222279787064
0.19273545830992805 0.07150903344154358 0.06278722733259201
0.19345169706832469 0.1011383980512619 0.06389236450195312
0.19416793582672132 0.11824581772089005 0.06530573219060898
0.19488417458511795 0.14304906129837036 0.06702086329460144
0.19560041334351455 0.11796201020479202 0.06805180758237839
0.19631665210191118 0.09792479872703552 0.0692829117178917
0.1970328908603078 0.16376745700836182 0.07087390124797821
0.19774912961870444 0.17666590213775635 0.07271937280893326
0.19846536837710108 0.16737017035484314 0.07429397106170654
0.1991816071354977 0.07260914891958237 0.0751638188958168
0.19989784589389434 0.09346488118171692 0.07698317617177963
0.20061408465229094 0.07380674034357071 0.07871933281421661
0.20133032341068757 0.1212245523929596 0.08096177875995636
0.20204656216908423 0.10459854453802109 0.08317481726408005
0.2027628009274808 0.08375110477209091 0.08582045882940292
0.20347903968587744 0.07297594845294952 0.08742040395736694
0.2041952784442741 0.0778997465968132 0.09021566808223724
0.20491151720267073 0.05753059685230255 0.09323135763406754
0.2056277559610673 0.08739206194877625 0.09676779061555862
0.20634399471946396 0.09144933521747589 0.10034339129924774
0.2070602334778606 0.08593359589576721 0.10421957820653915
0.20777647223625723 0.034275613725185394 0.10871536284685135
0.20849271099465383 0.046836547553539276 0.11380428820848465
0.20920894975305046 0.17596553266048431 0.11981744319200516
0.2099251885114471 0.15170951187610626 0.12850095331668854
0.21064142726984372 0.09098782390356064 0.13587835431098938
0.21135766602824035 0.09065279364585876 0.14449849724769592
0.21207390478663696 0.025809429585933685 0.1568407416343689
0.2127901435450336 0.0 0.1733306497335434
0.21350638230343022 0.10006716102361679 0.19574740529060364
0.21422262106182688 0.25456002354621887 0.23421607911586761
0.21493885982022345 0.22669997811317444 0.2982952892780304
0.21565509857862009 0.0 0.47140535712242126
0.21637133733701674 0.0 1.0042178630828857
